-2.54555 1.00000 0.43566 -2.27463 -0.00000
-2.03882 -0.00000 0.69455 0.99311 0.23989
2.31424 -0.97837 -1.38192 -1.12853 1.44631
-1.92933 1.09727 0.00000 -0.89188 -0.56571
0.52469 0.00000 2.23564 1.11339 -1.31196
0.99354 -0.00000 0.18130 2.30306 -0.00000
0.47629 1.00000 0.90895 -0.42158 0.08770
-0.66074 0.65201 0.50627 0.42738 0.50374
0.68480 0.24587 -0.00000 -0.34655 0.96839
-0.82520 -0.00000 0.30881 -1.37057 1.08817
-0.46550 0.00000 0.38401 -1.21913 -0.00000
0.38467 0.00000 -0.21031 1.31443 -0.47838
0.38889 -0.30801 0.35167 -0.17829 -0.02645
0.77087 0.67714 0.00000 0.29666 0.10820
1.30653 1.00000 0.35362 1.11033 -0.29685
1.15539 -0.00000 -0.41297 1.98954 0.00000
0.35704 0.00000 0.55041 -1.14102 0.24690
-0.80175 0.26580 0.49106 0.45641 0.41647
0.97335 0.12215 1.00000 -0.16202 0.66849
-0.37499 -0.00000 -0.33570 -1.12380 1.45788
2.11180 -0.00000 0.01176 0.71706 1.00000
1.81430 0.00000 -0.69181 -0.61787 0.41682
-1.10057 1.04815 0.63953 0.87983 -1.32659
0.57150 -1.43524 -0.00000 1.76495 -0.72770
-0.25726 -0.00000 -2.15991 0.44621 0.50514